30,4
30,1
30,3
26,4
26,1
26,3
29,3
28,5
29,1
29,4
28,4
28,1
28,3
27,1
27,3
31,5
31,1
31,3
36,38
36,37
36,36
36,35
25,4
25,1
25,3
24,4
24,1
24,3
3,2
3,1
3,3
10,128
10,278
10,270
10,88
10,64
10,118
10,84
10,1
10,286
10,2
10,3
11,18
11,17
11,8
11,10
11,12
11,26
11,1
11,23
11,2
11,3
9,7
9,4
9,1
9,6
9,2
9,3
8,10
8,7
8,12
8,4
8,6
8,15
8,1
8,11
8,2
8,3
12,2
12,1
12,3
20,2
20,1
20,3
19,2
19,1
19,3
18,1
18,3
35,10
35,9
35,8
35,7
35,6
35,5
35,4
35,3
14,3
13,1
35,2
35,1
35,0
34,5
34,4
34,3
13,3
34,2
34,1
34,0
33,79
33,78
33,77
33,76
33,75
33,74
33,73
33,72
33,71
33,70
33,69
33,68
33,67
33,66
33,65
33,64
33,37
33,36
33,35
33,34
33,33
33,32
33,31
33,30
33,29
33,28
